Acc:[0.6244076181053673, 0.6471778382389315, 0.6285035864457086, 0.6254810784071234, 0.618248825129854]
Acc:0.628763789265397
F1:[0.5580555336060975, 0.5125832482594158, 0.5518199620504718, 0.49720328877771547, 0.5334424794852384]
F1:0.5306209024357879
