Acc:[0.5894197327475746]
Acc:0.5894197327475746
F1:[0.5836854037919463]
F1:0.5836854037919463
