Acc:[0.6432612312811979, 0.6123128119800333, 0.6432612312811979, 0.7517470881863562, 0.7287853577371048]
Acc:0.6758735440931781
F1:[0.6665551834322436, 0.4840257877239278, 0.563533618665767, 0.7427549737022078, 0.6787492691116682]
F1:0.627123766527163
