Acc:[0.535740072202166]
Acc:0.535740072202166
F1:[0.5876117642864614]
F1:0.5876117642864614
