Acc:[0.6925124792013311, 0.7341098169717138, 0.7104825291181365, 0.530116472545757, 0.7251247920133113]
Acc:0.6784692179700498
F1:[0.7495093809776872, 0.7587034713458028, 0.7637212271694935, 0.6841700384107712, 0.708402833184972]
F1:0.7329013902177455
