Acc:[0.5511257550796266]
Acc:0.5511257550796266
F1:[0.467817725777814]
F1:0.467817725777814
