Acc:[0.636740044521395]
Acc:0.636740044521395
F1:[0.44432202739083887]
F1:0.44432202739083887
