Acc:[0.5003610108303249, 0.5516245487364622, 0.5227436823104694, 0.5696750902527077, 0.5270758122743683]
Acc:0.5342960288808665
F1:[0.5553685929584681, 0.4937095105508356, 0.512320205811881, 0.4845261085618596, 0.4911119063822712]
F1:0.5074072648530631
