Acc:[0.6938435940099833, 0.5860232945091515, 0.6442595673876872, 0.7560732113144759, 0.7101497504159735]
Acc:0.6780698835274542
F1:[0.7232520496559086, 0.4224306492204142, 0.6950906772732726, 0.7528976367306414, 0.7221727367541773]
F1:0.6631687499268828
