Acc:[0.5422382671480145, 0.5220216606498195, 0.532129963898917, 0.5552346570397112, 0.48736462093862815]
Acc:0.527797833935018
F1:[0.5688344711532768, 0.44641200541431736, 0.3303366180356128, 0.4820196397627042, 0.5041054081491897]
F1:0.4663416285030202
