Acc:[0.6399060103883254]
Acc:0.6399060103883254
F1:[0.44247880998896916]
F1:0.44247880998896916
