Acc:[0.613974771209498, 0.6208013851100668, 0.5891318327974278, 0.6254810784071234, 0.536863715063072]
Acc:0.5972505565174376
F1:[0.5792022020799882, 0.4856425003602231, 0.4538278279457509, 0.49720328877771547, 0.5589501062911485]
F1:0.5149651850909652
