Acc:[0.6925124792013311, 0.7600665557404327, 0.6209650582362729, 0.7460898502495841, 0.6735440931780365]
Acc:0.6986356073211315
F1:[0.7453642156634805, 0.7545535293643901, 0.6967323690821272, 0.7356108238457024, 0.6352968347986054]
F1:0.7135115545508611
