Acc: 0.6956406
F1: 0.695122374