Acc:[0.6858569051580699, 0.73477537437604, 0.6196339434276206, 0.7660565723793678, 0.6718801996672212]
Acc:0.695640599001664
F1:[0.720507314211323, 0.7252843386626588, 0.6774914294941021, 0.779533399815131, 0.5727953894335958]
F1:0.6951223743233621
