Acc:[0.7247920133111482, 0.7797004991680533, 0.6442595673876872, 0.7816971713810316, 0.7653910149750416]
Acc:0.7391680532445923
F1:[0.7689598566444072, 0.7846195985919977, 0.7245278620322789, 0.7913993873052325, 0.7778172820439332]
F1:0.76946479732357
