Acc:[0.6795341098169716, 0.723460898502496, 0.6452579034941763, 0.7121464226289518, 0.7404326123128119]
Acc:0.7001663893510816
F1:[0.7336272305230533, 0.6979047845618962, 0.7272867058662325, 0.7350578238525818, 0.7132086296978344]
F1:0.7214170349003195
