Acc:[0.6845257903494175, 0.7567387687188021, 0.6622296173044925, 0.6838602329450915, 0.63261231281198]
Acc:0.6839933444259566
F1:[0.7534074119413103, 0.7452723336284593, 0.7113032544075347, 0.7034722145828902, 0.5243221417623787]
F1:0.6875554712645146
