Acc:[0.6948419301164724, 0.6792013311148086, 0.6259567387687188, 0.686855241264559, 0.6016638935108153]
Acc:0.6577038269550749
F1:[0.7406995691427414, 0.6657878986808112, 0.6753770596266665, 0.7072182454520819, 0.47207885474450517]
F1:0.6522323255293612
