Acc:[0.6938435940099833, 0.7870216306156406, 0.7044925124792014, 0.7816971713810316, 0.6585690515806988]
Acc:0.7251247920133111
F1:[0.757087422704261, 0.7932553746322888, 0.7493231999062483, 0.7913993873052325, 0.6278505306260799]
F1:0.7437831830348222
