Acc: 0.682396006
F1: 0.678092702