Acc:[0.6795341098169716, 0.7600665557404327, 0.6256239600665557, 0.7660565723793678, 0.5806988352745424]
Acc:0.682396006655574
F1:[0.7336272305230533, 0.7545535293643901, 0.710510056520038, 0.779533399815131, 0.41223929411421806]
F1:0.678092702067366
