Acc:[0.6961730449251247, 0.7623960066555739, 0.6442595673876872, 0.762063227953411, 0.6519134775374376]
Acc:0.7033610648918469
F1:[0.7561943921589711, 0.7402926984753929, 0.7245278620322789, 0.7745831216784399, 0.5644551427923103]
F1:0.7120106434274787
