Acc:[0.5083032490974728]
Acc:0.5083032490974728
F1:[0.5837241204339814]
F1:0.5837241204339814
